10000
8340
4375
7929
2821
7149
7768
841
4372
4550
9950
8897
7202
5774
2495
6306
8426
2429
9824
6434
4692
7637
9278
2054
9234
2895
6142
6943
7876
6942
6650
831
1633
1025
5111
4454
4525
2879
1646
5248
7428
1595
4144
4629
3720
6639
7286
2145
9067
3461
8579
3758
1098
4208
2163
331
3454
4657
3625
7681
7950
275
4863
9582
7651
9974
4035
8527
9204
5681
3774
6631
3627
7917
7611
3699
907
1248
2195
6326
4708
7125
6435
5805
1332
8598
2488
1137
9606
6112
8817
7555
2738
32
7136
6740
5
7523
5266
9208
9555
9039
2190
9533
3308
6152
3231
4214
7399
5426
539
8458
2550
6974
615
234
1923
3102
1370
1528
5565
6539
5434
8303
6570
2569
5042
2926
6443
308
8485
5997
5698
7026
5530
9005
3177
5112
3219
6927
537
109
5384
9439
7082
5998
9672
9004
9099
7393
6883
1016
3931
2316
9318
6852
1237
711
9777
7679
7370
4613
28
3068
1638
1909
2072
4814
7020
1642
1740
3909
1751
3476
3347
8832
9473
3018
4188
4924
410
1070
5939
693
9738
1608
7544
974
8670
3673
5004
6040
8285
5031
9107
6275
3291
7530
1088
6663
9172
9180
571
922
9007
3917
6105
8479
3286
6644
9754
47
4066
2044
739
3803
3651
4635
1128
2321
4659
6131
4712
9295
7514
3818
5569
804
7699
3009
3818
6870
2188
4388
4143
7546
4656
6600
6024
7941
3243
2130
4340
7308
4173
1430
1110
4176
2416
2237
6496
7074
4720
1207
6369
2233
1376
1937
9388
5426
1297
3206
2296
9836
3945
2790
7381
8601
9389
9757
2893
2632
1886
3584
9939
2410
5014
7401
6585
3781
5989
9432
855
7060
6990
3575
5644
4717
1863
5032
143
3160
4589
2438
2995
4885
1579
376
9837
968
132
2730
9951
8369
2665
9889
778
4030
3641
7363
7811
9630
6794
8665
3041
136
8591
8685
4852
453
68
4994
9964
4656
3783
2959
5892
5362
9686
5729
2681
6169
4810
2631
4537
7474
2519
1666
1504
2512
9028
9314
8493
2174
4330
1533
8661
2920
217
3512
9724
284
8506
9688
1291
2288
8998
7183
4001
8683
9263
6681
4851
4072
9311
5739
7897
8182
7404
9400
693
2784
5065
9185
1309
5746
717
9969
-58
7286
9832
4741
7569
8337
780
8860
6977
9777
2394
977
4811
1656
4010
6013
5727
3320
1751
3623
7853
5506
9375
8545
4641
4439
4081
5949
185
1150
2269
5201
8435
2101
6293
6003
6789
3424
4862
3765
9552
3607
-26
4362
5262
5103
6726
988
4774
4828
963
2627
334
337
1171
4974
1127
1604
7275
1311
2753
9543
2864
1187
1643
5508
7189
8432
8932
8403
8548
8483
2009
9641
9197
7271
1095
5922
4610
2221
750
5572
4847
7435
2260
2369
8760
3387
3972
6034
1049
6724
1929
264
4262
9923
5772
1451
4706
1055
6205
3254
5889
4565
9246
5085
8187
6693
7359
2797
8913
4460
4720
3759
1894
3332
6127
653
6718
6451
3039
7766
9526
4967
4382
3788
4889
153
1590
9595
7559
7794
9200
3447
8710
8445
8532
6897
5137
2242
6045
4049
6701
7116
4159
4946
447
6638
1950
7164
3088
4988
1282
8965
6306
5663
2752
1195
2167
693
7141
6077
8486
6340
9523
7196
4784
4406
444
6273
6647
6488
6673
9699
3603
832
4644
4050
3821
2946
7565
3260
7933
5198
2224
591
7212
1328
1785
5730
2020
5277
1806
6858
1616
1329
405
2751
2086
848
5375
5085
3687
2048
4783
7289
9231
5779
7690
3051
8724
1607
6310
3008
3156
4885
3598
368
6212
1734
6097
4584
7010
4255
1441
4977
1935
8197
7728
4020
9044
3102
9104
9082
1501
239
2722
731
6017
412
133
4740
8370
2794
7747
1525
7679
1345
8244
242
3078
693
4825
6440
4947
2617
1416
3233
813
5495
7252
6208
8597
2708
5289
6449
2946
8011
7180
8962
4774
3664
53
3143
6458
7799
1019
4136
5495
9263
729
4925
6307
1906
1364
7605
4522
9131
837
1687
4626
8088
7894
9574
7147
9535
6022
6444
7545
9553
5405
2318
3217
1809
1812
9674
9608
9182
161
1454
4796
889
6378
1102
2794
4093
8706
3668
3224
9542
5354
4201
3982
9599
3774
7480
9133
9795
3924
6677
9348
5680
5346
8916
7489
3509
8589
3448
9043
5101
4901
3838
5989
1279
1292
5135
1723
9997
8802
4946
5891
507
9146
6224
105
9271
55
5590
5418
3978
8618
4765
9658
3964
32
3498
3824
4972
6945
2866
72
1845
3056
2412
9475
4347
7546
1198
695
2699
2495
2937
9557
7993
9160
9662
3615
5567
5251
9032
9544
3868
148
5553
4183
179
9050
4359
5150
2346
7224
5221
543
279
7633
17
4625
1530
7566
1672
4229
6413
4608
3785
4405
120
9798
8019
5686
1400
3403
5229
1620
3550
7134
2154
3729
2535
6512
8878
4881
88
451
5423
366
4435
1791
1343
5964
9357
9366
6544
5769
3973
6681
6525
4092
6478
895
6129
4230
4297
7710
2201
4199
4843
4354
7927
3729
866
3156
8609
7305
3606
383
7670
4392
2174
5364
356
7882
4729
3251
2
5054
9931
2878
5497
2761
124
1626
6990
773
9335
9190
4971
529
9895
9249
4257
7112
2404
2866
4416
2362
9600
8438
6753
8125
153
3460
2358
1234
6711
2359
6287
6641
1588
1783
9401
1712
9760
2742
8836
9094
8283
3806
9622
8178
3054
3879
5289
1809
3096
6057
4170
9047
4494
7275
7172
4646
734
9529
5879
7444
8240
2165
437
9827
300
6189
7890
59
8931
6725
5505
3565
530
5126
1742
9935
5356
3383
1744
4803
9439
2265
3850
284
9539
1021
4929
273
549
808
4068
5140
9324
4504
4967
5975
693
2856
2386
9623
9581
7890
9539
6462
9367
1281
6397
4723
1015
4492
9525
6805
6756
3374
7088
6295
746
8368
2919
7647
5527
6986
2786
1203
1490
4104
7177
2182
6960
5914
8156
2892
3803
7694
9353
9522
5326
2101
4244
2692
6592
120
9496
3348
9846
2935
5994
6943
7655
8912
4589
3181
5897
3727
4383
3738
7830
7912
5919
4789
3825
4074
7680
3980
8120
3385
3501
3445
5485
4096
6137
2077
567
1984
1776
6764
1271
7769
3707
8925
3032
8295
2105
5280
8373
2840
9018
6203
7103
4936
7343
7279
5362
1375
1258
9833
4759
1110
3277
6595
5205
5765
8671
2124
7749
6798
8887
9019
918
2593
4295
3949
7240
6399
9229
5612
5590
4598
1814
2692
5885
5509
9971
7598
6883
7580
7430
1641
8690
707
4587
246
2823
3258
2369
6923
6407
1256
2293
7325
200
6587
7625
7439
2986
6853
3051
4927
7802
1216
3971
3687
6724
293
1284
9958
7872
8714
7950
2913
5772
2537
9511
4946
2146
1879
1869
8552
9486
4161
5876
6038
748
3501
3476
85
6705
2878
5011
4507
446
5333
4545
3521
5625
5828
3479
3497
893
7780
2761
6664
316
2271
1610
2461
502
9830
1013
6339
3990
3240
2376
1089
6740
2204
1173
9797
1433
2536
4303
1878
7868
5199
1751
3493
1026
1581
3341
8271
9360
6101
1286
9676
4724
2895
8488
5225
9076
9500
7915
3066
9092
291
4154
2183
2494
1679
1979
278
4214
2633
8508
8433
7831
258
8277
5209
1838
1617
3479
1197
4070
4764
7224
5145
4011
5712
6721
3086
1563
4635
2503
7006
4925
6657
9189
3770
4687
1167
4048
5252
3800
8907
3684
7982
9164
1961
3190
7353
9929
6668
4901
350
7784
2125
1846
1794
4188
8566
1231
2102
3201
3734
9108
4477
6742
4648
4599
1428
5814
4998
6679
5965
3904
6714
299
3067
5026
3488
419
4955
6508
5319
1656
643
3795
3502
2436
4334
8419
3666
2788
1619
3751
8247
6096
492
2894
7046
1919
5059
2043
4949
7376
5946
1663
7674
5364
6688
7513
2134
7994
372
3804
6002
1014
7599
5855
9801
8284
4273
3467
1071
5892
3569
5669
8339
4061
8562
5384
2331
9973
3778
7280
7348
9723
5294
5021
5086
8333
8885
7219
2679
9257
1022
8680
270
4972
4534
71
9608
8806
9889
7030
1049
3457
2699
5739
3869
7612
7474
6200
7584
1251
9831
4931
7325
5124
6303
2410
3456
5188
5980
2486
4444
3354
1165
1065
4677
2050
7487
4284
7208
7375
1314
8256
7184
364
3995
1052
7975
7820
7251
5559
9071
7081
6841
6395
8556
9496
5157
8364
-21
7488
849
5478
841
2014
6542
1870
415
4029
6153
7622
7755
3818
5878
4938
-3
6224
2342
8508
4043
9592
418
9465
3025
7258
5860
1580
6753
7368
9943
7787
4855
792
3264
2048
9157
6158
3917
9571
186
6421
3545
7940
6591
9422
9230
7123
1997
1571
5630
2391
7514
2399
1856
538
6009
4067
8470
2761
7786
8412
6900
8992
5555
163
1039
1063
6320
1307
6986
2857
4080
530
7149
670
6303
6378
4144
4651
4300
6126
7041
1813
8524
5248
8703
4532
5666
7172
3645
9803
5583
544
8795
7490
7058
9833
4904
3378
7492
1889
2586
1571
8770
9734
8592
5072
2463
2735
9722
6762
8860
3115
8575
3736
4714
7277
8267
380
800
8263
182
2734
8806
8976
223
5864
5161
5127
5593
2652
3367
8178
574
2137
7912
9165
3560
374
8251
9634
3488
3463
2748
8414
7198
3813
2042
1816
4192
2841
79
726
5574
5236
6053
2149
7451
7565
7275
3043
6568
6993
7573
7141
9129
1836
2657
9041
8561
7260
8674
2048
722
7773
461
7919
1585
2502
6086
2129
5342
2516
9206
7268
4104
1610
9416
1554
9175
6690
949
2094
34
8521
5587
5515
6708
8243
4555
5268
5502
9580
7316
2575
7352
4128
493
8936
6630
2931
1064
8323
5446
269
5590
5901
1879
5005
7455
7405
8046
4755
9498
8080
3275
5084
9946
6334
9679
4500
1601
1532
4079
-17
4107
7782
9396
951
6717
2377
233
4133
7051
2031
753
2641
7931
8983
3997
5385
2739
2043
139
2237
6474
9765
3672
2771
6098
9702
7270
4051
7586
7700
5670
1692
5481
5065
8994
8549
3793
9227
9033
844
1257
9786
9836
9187
5120
-55
924
7859
2226
7414
6447
5051
3531
118
7821
5980
6172
5090
30
3757
9141
5700
1800
973
7116
793
5874
909
19
4906
8104
7627
1043
7939
3166
6163
1770
4089
373
-32
1502
6819
5398
1384
3288
3219
7364
9459
-22
7393
3215
3801
9444
5014
1125
6560
2159
3350
3820
8529
8256
8275
6156
5650
6213
9321
1812
4334
3409
2184
4681
1262
5354
79
2646
8642
3297
6361
8100
7956
3753
7667
8108
9549
9032
5585
2460
1190
8934
2631
9719
3541
905
5874
9191
7117
1546
7354
1450
1306
5890
2483
2567
1243
2561
1564
9884
2209
4276
4336
6516
8029
2002
976
3929
1033
6560
6388
8575
1845
9018
8293
5386
9922
518
928
3390
2063
8281
1191
3368
522
3673
2286
1765
2585
202
8000
1145
4477
2335
7661
8857
688
4988
9137
8073
1547
5524
6647
9743
-27
1291
5128
7166
1808
6055
6907
222
-21
8098
9941
1209
8122
8578
9325
7059
8779
7325
8203
9608
6011
2215
4816
6699
7202
3953
4771
5100
5828
1417
4843
6721
2707
6322
238
866
8729
7145
7439
9416
5242
7379
6976
9715
5956
6301
6773
1087
9977
1328
7046
5987
3542
1861
2685
7096
2165
7455
2195
7993
5223
3389
1065
4281
9711
1302
1498
4791
8446
8936
4206
39
2666
7533
9754
8622
185
2878
6060
161
4205
3105
6148
7747
1317
8832
4842
9834
2639
3388
7826
7861
6777
5242
8494
2839
6543
9991
7629
1341
8927
8186
1379
1592
5718
7484
6565
-13
362
8976
6063
4566
2080
8562
8664
9749
7394
3505
9582
32
3245
3759
4244
21
9000
2737
9211
1894
2728
6839
3234
8006
-12
965
9597
741
8448
2514
2995
8809
1489
5410
9727
9921
3971
8390
6021
7716
8247
5602
7747
1491
5712
8343
7863
1063
1079
7073
2956
158
3911
2542
8163
8934
9858
4112
6026
8305
2977
5373
3466
4465
782
3192
737
4752
1581
6757
2468
9827
8710
6566
7669
4421
1260
5531
1835
2339
8955
1143
8848
9217
36
3363
8150
9893
7474
528
8197
6802
5900
8014
1266
3033
1205
8355
4136
9138
5111
2955
5316
3821
9521
2985
4593
780
4867
2780
9470
174
3922
4670
9390
3957
8032
3892
3849
5505
4419
8397
2306
6670
6411
9923
6054
3967
8277
189
3104
9740
3144
4772
9912
9016
7756
856
6147
8974
3635
5617
9147
3908
286
4889
7864
4669
8780
8064
6525
9550
6461
5182
6219
9223
5104
2272
9541
9733
2460
2645
5824
1955
3768
5735
970
7875
2942
7117
6848
6577
9085
2347
484
5722
7235
4700
390
6014
2763
6914
5563
5575
2095
8133
4797
3550
6756
690
9634
5567
9686
5457
7522
3453
7543
8491
1327
485
1959
4526
3413
7395
-29
3896
3116
458
8595
9857
2823
7710
6770
4737
-34
5216
2869
4433
5118
9624
5122
4751
5191
4807
6560
9064
4611
454
3906
5937
938
5865
462
4350
3259
3686
4598
2727
4143
9544
2583
6966
3605
5705
1702
6889
920
923
7673
2389
6898
9146
3492
8440
304
51
7503
4914
6856
1409
850
7794
3625
7663
8495
3235
1348
9444
5961
1843
8988
4896
5160
2592
600
3213
5832
7871
487
9856
260
7385
9001
3751
5824
5656
153
3327
569
7008
1087
7770
1153
1063
1785
9648
4297
9484
5443
6610
1326
782
1505
2837
9726
2104
6050
1909
9974
6536
1765
6585
272
7117
6687
6096
2773
6839
5774
9693
199
3212
7463
1351
4274
5599
7350
8570
5082
2793
5179
6408
3574
6683
9244
-50
5138
1645
1560
1464
4533
3324
8048
4804
6792
4735
7251
9564
7925
3024
5609
8123
6235
9423
5826
6860
5021
9527
5430
102
2319
6960
6509
2245
9995
2105
8247
5132
101
9806
6595
4633
3129
995
5789
9921
5729
3039
5836
5
2415
1444
4480
5001
866
305
1861
5886
9831
7290
5988
8502
601
8848
7098
595
7304
5344
5727
7405
5150
8673
8389
4630
9667
529
902
1747
3568
3090
1752
2334
4533
2583
7334
1751
2887
9194
3988
9069
2835
6327
3922
3436
1527
7371
4030
8830
9067
6108
2586
568
4781
7327
5197
4447
7855
2451
6194
7774
5540
4297
107
6424
6879
7441
8174
6117
2986
8514
1537
5821
4840
5459
5608
6366
9181
9637
1548
8247
2097
4133
8814
6877
1459
4011
1323
5666
2813
3868
3439
8352
8164
3546
4775
5042
7338
9301
1158
323
7814
2695
2495
2653
-48
8102
5371
3685
4091
6918
8284
6187
7402
7097
9415
8861
7459
737
878
271
957
4316
8622
9120
4213
9749
514
1550
5401
8023
8225
3214
7069
719
2218
1573
5173
3940
1610
5615
857
9893
8153
8259
3341
7567
3471
800
8303
4348
1070
5611
5015
6044
4731
9228
2144
5244
7129
7544
9618
5353
7109
6687
2424
5678
4611
3948
9618
2572
9562
474
2464
7714
8732
5805
5280
8554
2956
9934
2901
4025
5545
4268
6420
6627
3495
8563
1870
623
2458
1487
2328
9566
4525
1103
5244
9136
5050
4861
1707
4611
5334
523
2324
418
2679
3955
5323
5634
3888
4576
6010
5784
8843
2430
2410
2337
7344
631
9311
9802
8470
1638
9367
2994
2740
962
2129
4141
5822
188
8751
7508
710
7426
4277
9740
1380
9599
5373
1620
4174
7734
3755
3016
6515
6165
1704
3859
6795
1015
3660
5264
9004
9378
4610
8096
340
3090
2236
2513
3277
7339
20
338
4764
4296
77
2496
247
1801
467
4420
5887
4221
3788
2401
6737
5491
6259
3532
2857
6270
5147
8213
5648
9756
6308
2339
2846
4895
4851
2474
2233
1223
2812
3349
5518
9240
5844
2116
7393
2662
2888
3279
3234
6675
5679
9971
8517
1938
3502
1374
4559
5000
5938
6558
1108
2245
8896
305
7139
99
2778
5724
1321
1941
9072
3190
1181
1267
5306
8573
3928
8193
8203
3513
4867
3881
3483
9735
2170
3336
7460
6729
8336
3397
3286
9443
5641
8534
6099
9132
8632
8876
1207
9952
817
278
9493
8349
7896
4798
3273
1823
9342
1475
5335
560
5355
5170
295
3877
8505
7754
605
3192
1151
242
8986
3143
8775
5084
8626
3758
3960
9832
61
1128
6461
9554
9476
4356
703
2748
2530
45
574
4217
604
2280
9386
898
6156
7890
5004
3112
1082
2506
3354
67
2000
8480
1503
626
2238
5462
6809
8650
6589
3270
8203
2416
7625
8906
1515
6507
8950
2088
723
5905
4367
108
6803
6875
4349
8158
9986
1782
663
9691
8201
2662
8171
9703
9639
6760
1516
6448
5409
8104
6069
3612
6871
45
8869
8385
6551
4170
472
7273
74
1190
3732
3228
8064
8081
7737
8050
6214
8399
7740
4414
7413
2262
4116
3403
9021
1983
6202
782
6438
2270
4393
3308
2315
9613
1692
8865
3782
8515
6138
207
9705
9869
9787
7768
4301
7523
2169
515
2274
9909
4928
9686
2170
5396
3088
7543
7378
9290
8324
3816
7911
9068
3475
225
8680
5167
9090
8813
3681
1579
5371
9737
7799
5157
7505
2100
2680
9673
2614
1305
5933
3893
990
8103
5640
429
1997
9370
6070
320
9537
3981
9387
3011
557
4418
8177
5998
9582
8210
3928
1304
7946
1727
6461
1802
3826
5492
7827
2791
6796
3759
3035
4137
8213
8675
917
209
4396
3339
6880
3932
3671
2618
6942
4227
7035
5119
6577
2968
9680
504
4272
3977
2230
732
5779
2407
2575
3605
1549
5722
7363
4584
6210
1928
9610
7126
2136
4005
464
9016
7936
4134
1633
4877
4713
5020
6347
1289
7987
2378
1792
8610
6355
374
5693
2133
9132
8267
2089
681
340
5803
1616
6549
7730
7577
3675
6218
7933
490
1585
5868
976
3217
7096
5688
4588
9795
6976
8927
8524
5119
7536
4878
5492
3229
3362
-49
7847
5450
1656
4539
7605
3271
1087
5334
7199
1113
1551
5131
1603
3135
7350
8930
2704
797
4617
3643
591
1592
2569
5467
3062
6457
344
4906
6037
58
9529
235
1859
7536
4773
9463
7158
5860
4797
4356
3324
2699
9486
1278
2186
6835
207
4889
7631
4823
8531
4574
2766
7452
40
2180
260
6735
7085
6296
6792
6613
6530
8651
500
1303
8113
7657
3514
9261
2012
3189
1960
1497
4467
4145
4683
1025
5385
8665
2200
267
3238
4965
7718
9629
7144
7977
6364
4228
624
9507
7192
7154
8157
7691
4808
2622
5347
4673
1882
3710
7861
193
1558
8679
689
6240
9704
6073
4905
1903
2692
4494
3219
6761
475
6715
1090
3190
942
1713
2696
4486
5218
7205
8528
25
9826
227
4697
8059
3936
8910
4604
1846
7588
5292
8085
7291
7717
9341
-19
408
187
8764
3520
661
5478
4609
202
2771
6322
2897
3608
1539
101
2136
7916
6278
8714
8964
689
9001
7873
5292
846
5461
583
5283
2751
4651
4623
8296
1410
1161
3411
4930
8173
8888
5890
8374
8010
2211
7623
1618
102
4075
105
8017
353
8818
6980
1041
4170
4853
2684
5016
6665
9618
298
5767
4269
1272
414
2030
2433
3824
3311
6957
9063
9201
5331
7073
1411
2953
5042
7864
7027
5146
2232
3731
315
5564
1123
4484
6768
3806
5851
3432
9776
2500
9198
4044
3772
9612
2425
2556
3435
5736
5864
8850
4936
1194
5922
2698
498
7315
6914
3877
8812
9145
3959
9126
4708
5082
9961
7827
5239
2164
1258
5014
4663
6808
5409
4786
6419
4186
3693
6205
9921
-23
5054
1208
7102
7327
3905
3952
993
7170
7828
9804
6315
1786
5281
7374
3219
1594
1553
4810
3757
2810
9823
4771
9617
1584
5909
2387
5769
9601
8592
2041
5509
9997
3248
2611
3676
3504
6562
4668
674
741
4472
3340
8878
9752
7065
2097
1345
8617
6906
1453
7779
3080
6224
7395
1015
2132
6134
6783
8084
1077
8823
3593
1073
8422
2555
1100
1926
5468
5768
8951
6208
6591
2290
5085
2694
9354
3533
391
4323
6790
1843
2101
6222
4418
5847
7236
2901
1980
4019
7337
3056
9193
929
481
7615
9835
7932
5892
5302
3699
4842
7861
6641
3483
9297
9335
2836
9182
6077
3510
5971
7919
5610
2192
8689
7809
9428
7941
9788
9798
5277
9196
5342
2557
6028
2956
2391
3959
5199
4044
4010
40
8256
650
3522
7553
6336
2710
6734
2412
6219
9056
6683
8181
1248
5371
5989
7027
3311
2128
3176
4940
7675
8517
7496
3702
7825
6239
7661
-10
282
8022
9415
4890
8671
2936
8794
1359
1997
-59
3770
4568
934
452
2748
8533
2174
5088
1911
1837
3567
5086
6776
1242
3603
623
4943
7779
6861
8955
801
3495
6976
6567
8384
1999
9503
3529
3357
7851
5407
7126
2418
6340
3930
1517
4873
2455
-18
3135
4291
6523
8221
7418
7764
8175
4393
9058
5953
1253
8013
3105
1099
1340
9672
5834
3338
5526
9362
6694
3376
4768
172
5794
7460
453
7310
8684
2907
266
1818
3550
6788
38
7319
903
8212
1711
9960
516
9316
4324
3621
414
5664
9644
2600
9001
5169
1961
2047
8544
3081
8570
689
540
9022
7999
9223
1928
4616
1040
1829
1403
7430
9148
2305
1993
858
8616
2509
173
2940
2481
6939
8603
2124
9538
3955
3644
7850
2353
8539
-25
922
9228
4173
9943
3578
3395
8223
8193
787
51
5947
4568
5550
4603
6560
6408
3218
5420
2932
2509
7900
6222
7463
6375
5759
1418
18
9961
122
4909
7242
1044
4136
1415
7338
4065
1161
5560
2257
8299
1963
8203
2866
7512
9157
5778
271
2374
1197
3203
4883
5449
9424
2345
1823
1535
114
8193
7847
236
3101
1440
-19
3588
9206
4968
7652
6719
528
6260
5017
2490
814
4235
6353
9970
6364
6624
8695
7560
9826
9929
3008
5601
8626
1183
3487
8739
5727
1333
5326
5179
2773
2956
8766
8330
7924
2769
5048
4803
5380
65
3644
6193
651
9996
2514
7014
6619
1208
925
2796
1137
285
4749
9762
1467
8235
4852
3545
9568
178
8723
8692
9485
3840
7021
3760
6608
2069
8562
1987
8485
8557
4531
5487
8553
7044
8852
1523
8251
-16
4319
5739
60
9067
1852
7878
3653
6704
1422
3220
3233
6496
8263
9069
335
1636
2829
6942
56
7742
5280
4892
6299
6162
378
4851
3205
9229
2725
7808
9004
3395
9898
5416
2461
1750
9645
6114
4805
1067
5685
4389
7562
300
3457
4249
1935
2637
7542
8342
379
2822
3233
6677
8983
3610
7879
8540
2838
603
2699
8193
350
2596
9960
2810
4345
9605
5275
5501
7023
7312
9889
936
3963
9698
5184
2249
2334
2726
590
9064
1899
3822
5740
7233
7431
9970
5772
6620
6925
8470
4812
7274
7418
1124
6435
8114
728
8062
3615
4102
1725
9855
5037
5687
5904
6573
7935
8238
9298
8524
7301
1196
2345
9393
4780
9775
5714
6904
2746
2638
5373
3909
6263
9142
5032
2698
7256
2111
759
7222
6212
2483
7076
1249
4521
2980
7821
2455
7569
3470
978
1221
1017
3322
6965
5796
9448
2679
2699
2193
1668
4424
6101
7931
3565
7485
628
7172
9595
7738
4393
5807
6572
7821
3407
1092
7152
7579
3546
4720
7400
875
2292
8416
548
5609
563
9995
8287
3262
8539
9954
4037
991
4236
3953
8475
4863
1125
4422
8952
5517
228
5523
9689
9986
6614
6840
3916
159
7911
1315
7385
203
9730
7932
5811
6644
4278
449
9905
2816
6754
3941
159
990
7894
8633
2204
5370
9406
1156
7238
9633
3030
6927
5970
9644
3766
9885
6154
1677
7551
3539
8231
3632
1470
4041
276
5748
841
180
4915
7594
473
5073
4935
4718
58
7139
87
9463
4646
3676
5448
4027
602
7769
3670
4368
4006
6176
6044
1556
6066
4274
5188
3887
4666
5463
9634
5506
1994
901
9451
2466
2325
4386
3535
2382
7876
9973
8197
8873
3649
9996
2899
4250
4116
2921
8617
8121
5448
1012
9677
1513
1637
4864
5399
2654
326
1385
4511
8671
2285
3962
1137
961
4699
4671
9695
8926
996
7891
4150
4644
4238
3400
8893
8353
6320
3862
6474
8119
1225
2502
9631
2862
7365
5030
1867
4042
2766
6378
2712
1402
6691
200
2362
7741
1223
2056
3018
2218
9946
7167
6861
535
566
2105
5240
3238
5966
8065
1356
3543
566
7339
6404
4282
2368
4622
8323
1485
999
7386
2886
4041
3938
5247
8133
5160
7303
1150
3729
3600
8316
6941
4135
5234
9045
5726
4823
1363
3790
6178
4905
4355
3516
7660
8636
2235
2281
3310
71
9632
7047
2956
24
984
8203
8157
2495
5505
9306
2575
5456
3974
9515
5942
5559
8560
1667
381
6274
5456
2910
7530
6162
2778
5189
1149
1364
3821
4458
1435
9804
7857
4390
6180
8840
2592
4336
7687
4448
9993
261
6256
318
9776
2197
5876
4687
216
2608
7312
2023
5518
4841
8185
8295
6381
9333
9658
6553
143
1092
6357
7999
1834
8888
3190
777
9575
876
1577
9567
7489
7832
6237
3616
6380
2112
4654
6595
4720
1965
8618
6589
6805
3154
1235
9537
2486
892
6089
2628
8336
8797
6978
6521
7684
168
7297
7258
7395
8873
3177
1235
3056
9413
4850
9436
7876
9503
2382
2595
7819
999
5535
4623
4152
6769
511
2990
4013
6600
1969
8700
5396
8947
5220
3080
5466
2516
6689
9212
7741
9865
447
796
9277
5296
6583
7153
1151
8965
6099
8969
6315
1634
9944
467
4754
454
9808
5118
7053
8128
3817
8801
7074
5388
8232
8891
4256
4920
8103
1996
4785
8549
9143
413
196
5726
7565
7698
1042
16
6667
7356
8001
6610
4174
2754
3415
3981
4224
6820
2109
8040
5620
5534
3428
3851
777
4035
5122
8879
6030
6258
3779
1524
6671
326
3601
587
8024
4642
6954
4690
1998
4954
7651
6171
4060
7417
6504
8283
4236
8612
2674
9855
497
2453
57
1273
6487
5179
6503
8868
1436
6633
392
4458
3311
3992
1397
1334
4986
8350
2375
6983
3304
6377
9505
3715
3793
6008
1997
8029
971
1022
4235
7820
3475
4292
9092
9961
9470
1947
8829
7257
4931
5572
8067
8241
5915
9463
9574
900
7812
8300
4234
7467
4676
3739
1181
4821
6098
9529
2849
7069
551
7083
4888
4025
7726
331
337
3547
8629
5517
804
3560
1088
5222
1800
3355
1036
7726
606
5199
2377
4840
2666
3405
4930
198
8225
7379
6079
1073
4447
6629
4507
5686
7005
2233
2369
3693
5779
997
9210
2934
908
6649
4507
9060
6355
5542
3137
6961
741
5513
8152
3406
8917
9433
9955
7141
6811
6033
4565
7610
9013
5424
3295
2369
4008
2015
6062
9786
9364
1623
9072
6623
4623
3578
5682
978
9120
8818
4290
9860
683
2441
9617
5951
1873
5923
3092
8683
1956
4008
2644
7320
9431
2291
9689
3438
4305
2102
9576
20
76
4999
6643
1050
8576
2324
8379
4047
7494
2668
258
4528
1460
6226
478
9684
2149
9921
4719
456
3929
7362
4127
9711
9652
167
3149
309
2268
9076
328
8695
4074
6970
9745
9001
5646
8123
3048
9491
7143
9657
4018
8602
5883
4495
8286
8031
4416
3004
4838
4696
365
8964
4406
6369
9131
3906
6677
7750
2981
7004
6445
3406
326
2541
2407
5971
663
1806
5461
7805
1462
5830
2759
7344
324
1044
1726
1091
399
6563
5786
7115
1879
6544
3483
7361
449
159
5110
9782
3515
7906
3187
3840
446
5593
9810
7461
3750
1622
1617
5212
7451
727
2555
7774
1770
4281
5217
8520
7195
7354
5635
9073
3897
9117
2785
4346
5628
7895
479
9142
2152
3665
2981
8950
5610
9142
2762
9359
763
4378
4570
8213
1457
3477
2338
9578
7757
7554
8098
1303
4908
3732
6728
5156
9200
9512
9501
1179
3758
9979
320
5910
9996
9652
1211
1957
8793
3972
1315
5907
4701
2237
4119
6157
5713
6457
5735
3469
362
3832
1123
1621
3915
7850
6777
9466
7362
2629
645
1119
8960
7316
3380
5307
3320
4590
7263
8464
4913
8577
4371
9614
7165
4841
5770
2877
7649
7856
2697
8011
8039
3820
5983
1953
1669
9111
7771
5382
1740
4767
2853
7051
8434
6232
2357
1753
7174
5971
6569
2086
899
939
8051
8064
5779
173
940
9780
8028
9989
7790
6067
3808
124
4371
1828
9235
8493
3562
7326
3259
6414
4376
1693
8997
3084
9797
2522
9054
2717
4608
9952
3655
9010
4367
5786
9182
1659
5565
3562
1647
9706
9628
1806
9829
350
3633
9063
5195
3546
2740
8453
9959
7115
6497
5308
6550
2646
7829
1955
5362
8788
8259
5369
7798
2625
7506
6979
4283
9422
540
5929
9127
6519
7734
5307
3221
7719
722
4767
1264
3461
9571
7575
6928
6068
2882
3477
5065
7062
1784
6778
5850
42
8498
9999
2666
6003
3329
6949
5424
221
9229
902
6739
6963
6209
6311
1033
3282
1077
8648
3094
648
6222
21
3067
5455
9850
4483
8869
1633
1260
4718
1674
9758
1068
691
2112
4396
7639
7536
4616
6868
4789
7707
182
7349
369
1214
630
1446
9861
76
8445
2435
96
7863
4241
6297
8697
9461
4281
6308
4178
5954
2417
1597
-17
4529
5993
635
8416
608
3854
3204
8314
4035
6905
8683
1600
7534
6480
7813
7609
1276
6599
4057
5490
839
6705
4186
300
986
493
829
6939
2910
2426
9935
3790
4770
6922
2205
5377
775
1760
43
4810
8664
5077
6409
2550
7908
4221
6510
9183
7171
6918
4672
8010
3623
5209
4661
4608
5701
1841
7898
4962
618
4185
8751
5387
1106
7307
7116
1880
9067
7158
3041
4082
2234
5802
2983
141
6374
9493
5675
3545
6410
6698
7906
32
1906
2566
991
3958
758
8889
8920
1376
3073
4022
6762
4178
1329
3877
2409
6747
7386
1802
7180
5971
7603
163
2463
3976
9655
8137
3872
-50
4834
1777
2448
3091
4342
3438
7049
1452
8678
5968
2827
1750
9989
5940
2279
7669
6169
4688
767
9906
6489
7947
5877
443
8109
8339
4418
7763
2828
8290
178
7661
6418
8977
752
7112
8767
4152
8563
7444
119
1389
5546
6459
3680
7824
480
6200
8863
1246
6106
1703
9192
1982
2145
7300
320
2915
1414
3147
7556
1592
7160
3973
6920
4263
1084
2038
8414
9646
9482
4884
7386
1379
1342
1066
9202
1821
7265
8065
3067
3370
9767
8610
1703
8264
5910
2023
1178
7323
1521
8733
5266
5032
2705
8538
9294
3789
575
7707
3434
6408
2590
7172
7786
284
8237
3340
8456
1853
1404
7874
1575
7522
6484
3277
2137
2393
5299
3314
6067
3172
2046
1333
8203
1103
6222
7497
4891
6796
1555
4676
9556
497
1847
7341
7132
6435
680
5587
8288
8435
3461
6214
2309
6296
9490
4445
8688
1141
4111
1106
4312
2508
8790
8866
3610
5011
6362
4852
1807
4269
5880
1362
4765
4078
5054
8248
513
5734
3834
5152
520
3646
1365
2828
9941
7206
3625
4980
8346
7735
6086
9009
242
4875
7875
204
9886
588
5055
8044
4856
934
9405
5972
5012
810
4219
1876
2895
4405
3379
3415
8050
1095
2594
7991
8300
6218
9322
6646
304
-28
5654
546
282
3528
7101
6519
4116
2155
4562
5323
9441
318
1295
804
1127
1865
9031
4022
6269
2409
3788
4319
3503
6381
8661
1802
8951
7982
8447
5606
9741
453
2503
6374
3980
9603
2892
4447
8110
7453
9770
7550
4122
7416
4705
1600
9280
3735
1973
5549
2495
5760
6219
5997
8493
1231
4150
3795
9212
8949
9400
5304
9401
1903
1677
9732
7857
4568
4179
5966
8372
300
3515
2493
7715
4571
4093
6994
8305
6065
8894
799
8177
5112
3147
3021
6342
7297
6815
1906
6245
2566
7209
5645
4468
8886
5376
2325
3453
5906
8290
8177
2557
8157
669
271
2727
1113
3617
7384
3530
2510
8182
1706
3974
1329
4726
315
8625
7892
8572
1221
457
5781
6865
1277
1018
8592
9953
822
850
4594
8998
3406
9102
9667
3677
1829
7131
7293
5564
660
6154
3745
8717
127
1425
3442
6794
6401
7685
5365
7621
8142
7497
837
5770
8514
9429
5722
9336
278
6667
8333
35
5769
4351
3711
7597
7834
7355
3160
8493
3509
3256
7210
9987
1033
7003
6780
3785
4688
2145
1406
9181
5993
2242
4950
4507
8022
7023
194
4651
3689
4878
4686
9457
5581
4748
3405
3414
2103
2916
1906
1963
2524
5467
8301
3556
8822
5081
7340
3509
3577
5097
9041
9569
3691
3990
427
1712
7364
620
2715
1052
1850
7400
509
7430
8499
265
843
6953
3181
9100
8915
5704
919
7216
5611
9740
8648
2950
9600
8576
8047
8640
8144
8089
8981
4923
6152
6344
5542
8866
7395
3743
2617
4255
1172
1116
872
8366
8068
4052
7466
3335
6107
4736
6902
1717
4475
5549
4666
4074
4124
9064
9065
8619
3504
8045
3541
9656
740
5435
8521
4486
9177
7490
8741
6701
4957
9612
5066
3024
15
8883
2710
6121
3618
9611
7837
4444
1511
8854
8517
1986
4270
3933
6957
7773
1977
6849
3780
2716
8635
8653
7202
4164
6142
-50
864
1098
8257
2281
473
4623
1164
3183
743
1133
9145
4931
5577
7008
136
445
8993
757
4378
2301
4882
2706
9150
8661
1774
7784
7313
5327
1947
9806
7620
9162
903
2228
1443
7728
6850
8958
7262
3944
90
6406
8874
2018
9765
5361
8815
5110
6118
9544
7410
999
2249
-60
6011
4022
695
3324
9348
8993
3129
3319
8155
384
5546
5949
8111
8747
4906
5372
2690
1347
8129
1563
9717
7894
3276
8531
3003
9393
8074
412
6743
6674
3323
2753
7048
369
6076
6395
5713
5557
6066
219
2292
7963
6167
402
6710
7424
2125
9399
8771
253
7314
8487
4498
589
3369
7500
6333
1442
4264
3075
8115
3938
5827
5162
658
8255
7909
6370
163
326
6589
2454
8288
9107
9207
1349
6531
1331
7100
1653
7935
765
6491
8785
7705
9859
6284
4037
1300
6899
3463
5766
7188
5641
928
4197
247
5188
6919
409
5513
9859
9214
152
8965
8420
1501
1847
6102
4952
9851
389
5716
6341
9173
3420
6199
1808
7456
3850
5059
7270
9616
8598
2910
6895
2795
3157
8434
9713
9917
3946
9571
9131
4097
8535
3902
1949
6734
6356
6900
6584
3096
2615
2925
2268
2386
5475
427
9841
5677
5485
3462
1644
4083
6372
8538
3229
9528
3323
2941
5796
7268
2511
4926
7716
7397
5180
6017
482
7887
2916
7066
982
1883
6342
3249
4268
1816
27
461
7492
5512
3922
9135
5946
6645
4024
5526
6172
7346
8466
8320
965
7328
9597
5033
1076
4776
1049
1558
2662
316
4975
3643
8550
1316
3243
2818
9483
3270
9630
3327
5133
9903
8813
7430
6548
9189
2955
9071
6534
7772
7390
3851
5099
6987
8883
2526
8114
6283
435
776
6598
5409
770
5148
3076
365
4317
2559
9986
3946
5885
-57
200
1049
8899
6747
237
1853
5818
3123
9624
9559
6973
1074
6545
2207
9951
4659
8489
386
1786
1438
2146
8907
2937
5222
9271
7253
7780
9256
7550
16
725
7750
1064
9623
848
7653
1475
6665
775
7450
6224
7747
4875
9120
6305
1178
130
4793
1563
1915
2582
3708
822
5519
8929
6444
9123
3060
5700
6673
9427
6424
774
6843
6047
1621
4495
3873
4638
5269
7675
7213
9367
8901
6332
2023
78
6462
6815
7992
4728
5748
1700
5549
1266
6980
8345
389
6392
4044
3413
5818
6819
4186
2660
9217
5806
3506
3090
6795
5126
7116
4007
844
6016
6691
2866
2446
3152
6032
437
7879
1780
8488
9780
9397
5468
4476
9785
1859
8519
3197
4028
1689
3734
3040
906
5892
2897
347
2686
8023
7462
6693
8866
9829
3383
1732
2274
2886
7763
2711
7116
5894
7550
3247
5291
3017
7722
5075
1227
2592
4624
1607
4281
4709
4646
5186
600
7542
1884
3286
1916
9345
6330
782
5525
6064
8865
7799
5301
2979
6861
2416
8873
4410
2015
4163
3779
6088
5589
1357
8680
6564
2963
9312
1273
3960
4497
1872
7854
6380
1509
9769
2076
4190
6902
7600
6605
5766
1750
1905
5097
4962
673
3969
5724
2687
4483
9502
8774
6423
7210
3805
9339
173
3116
611
484
7612
8834
8337
343
6695
8106
8770
7236
1359
-27
3841
7125
4471
5745
8573
9433
6417
2541
5156
5455
3375
1009
581
9797
8218
4385
5487
4742
7501
6097
5226
1464
1283
3562
8159
4329
8019
6928
1564
5730
9649
5404
9206
472
7501
7778
6256
269
6670
7763
5724
44
8771
2656
6192
3340
7040
1679
8082
4540
4127
9659
2356
5409
9572
514
9737
3943
3793
7653
9672
3442
3056
8877
265
6908
6654
6520
7177
3323
4282
9252
9718
9404
1907
5909
2743
8946
3939
7176
9838
8066
6834
2193
9826
6406
2706
5915
348
2850
3567
6371
2643
2974
5247
2907
9882
8252
9426
7058
7926
59
6309
3995
9462
8215
9903
8557
3512
194
5732
3349
8259
8918
1893
4436
5323
950
350
2022
3800
3916
4744
6442
3242
6342
9349
3123
4593
5126
6532
8870
1537
2840
2864
7350
7406
9118
5906
7269
9311
1638
6970
3921
6907
8862
8357
2229
9812
8706
602
3611
8974
1697
6404
2215
8038
2104
5337
2630
3582
1868
7851
5118
1059
714
2467
4816
6183
8373
8436
5494
6362
5405
9414
3268
4267
4122
1848
430
2828
8801
392
8153
497
6795
367
8534
8899
2055
7515
2480
274
5365
3949
7684
2430
6415
8851
8612
1139
7286
457
3852
2691
6223
7119
3309
344
5318
3738
9523
4118
481
7675
966
7275
4393
5851
2525
6447
3365
1356
3072
5081
5304
755
3862
8071
9605
8826
9209
6891
5634
3061
5933
1856
6531
5593
8552
8201
5682
8074
8670
6162
2101
9636
3436
6493
5486
2313
9292
5203
3668
2363
6635
8972
3118
497
7042
9074
5674
2602
5964
1307
2014
8248
9515
8545
3840
8066
3097
9521
2491
1766
5682
943
1401
5470
7436
3239
7782
3079
4793
7801
5441
1427
6772
4910
8275
165
3984
300
9119
9947
1607
1132
4547
1121
6028
-33
5538
9124
4259
4380
890
6292
5323
8642
1761
2758
8232
5894
5836
3024
3695
7628
803
6818
2538
9077
6983
6521
9377
2453
2819
7335
9936
7365
4807
5964
2103
344
1439
2713
1075
8680
9004
6397
3674
7117
5506
1905
3010
1341
4929
6704
5321
5731
9874
7858
1159
6856
730
6887
5660
9900
4221
5595
3617
5379
7910
5719
2074
9349
4783
3149
4380
3786
9545
8053
902
5051
9958
264
2743
1238
3319
8063
3320
3192
2272
830
6399
9353
7717
2058
9253
8289
7653
2869
3668
5562
4939
5741
1262
9721
8889
5642
9858
4786
3694
7112
9836
3
7375
2578
7592
693
6993
911
3885
5616
1741
283
4969
5809
2341
4221
4097
6345
3441
4116
1906
8379
9857
9520
4451
5097
5161
4308
9882
5206
1419
6069
1561
5145
4999
9152
5838
8343
6415
9722
3958
4507
6356
8926
315
5048
9498
763
1392
2938
4879
9650
7668
1087
9169
2118
6183
4329
2778
2417
5886
548
8485
7446
5693
9835
2950
1530
8177
9364
7603
2135
3870
310
7412
536
5358
3262
1298
3101
2551
2528
2750
219
3614
1918
8688
6149
2598
7817
8565
4836
8365
3401
2281
4057
3236
1582
1938
1412
945
5892
9898
1166
6201
3662
8053
1558
6923
9351
1011
9473
8230
3760
6043
1844
2030
4731
7992
979
2547
2908
5814
7263
6308
4447
1319
5895
6028
9608
3659
6973
5499
3556
4490
1700
3569
2543
9609
491
8245
619
6316
6474
731
2358
4669
2760
7088
9012
3738
5987
1919
5904
3249
4579
350
920
473
6377
527
4131
9701
6026
4039
543
4077
7607
3085
37
4450
1329
7008
765
4154
7738
3122
8823
6849
6562
7834
586
2548
6105
6489
2148
683
3190
3067
1155
5919
-38
1638
5619
5971
5676
6161
47
9634
5597
6435
435
3277
3442
1199
7431
7531
673
2605
4379
7234
6790
1317
6133
9246
4157
8280
9928
7347
1347
1083
3265
1292
9072
5235
7262
1099
7748
3660
732
3344
94
7519
2973
9888
8717
403
7418
5741
9359
8149
2974
2500
9465
5458
1746
-42
3738
1673
7319
1436
9107
583
2727
8178
2170
6340
9276
9917
9999
6360
9612
6444
3878
2584
2683
8946
9338
6453
4687
5048
4601
4012
7548
4065
9470
9293
4037
9559
7317
1356
7346
2776
8290
72
7305
6811
6411
6581
3079
2761
9292
2691
9204
9521
1626
8239
4818
964
4691
9504
2363
9291
9868
9910
9707
5689
5554
95
1599
9223
7802
8944
1998
2444
9015
9302
9254
1777
2234
2333
4537
7877
1375
92
7397
3000
4682
2215
315
9372
8070
2678
5014
-3
8939
1072
9977
845
7519
7927
67
5320
6870
2064
7763
2236
7717
3369
4012
9951
5701
4900
7827
3427
1344
1576
2778
6025
142
3093
1749
4563
2122
3114
8852
7412
4186
5180
8256
1704
3107
8322
3375
9976
6737
1138
8564
4454
858
2575
756
6558
3827
4934
6336
1522
2861
9113
3898
3002
8557
5646
7565
678
5112
2768
4442
9297
7947
2697
7352
7405
1019
7078
3733
4107
4567
2296
8560
5424
1222
5667
8333
1400
601
4668
2921
3461
3781
3171
2815
2337
5168
379
9367
279
9498
3808
5927
3796
6504
9630
1201
3874
6708
1285
7981
1274
3580
2892
6698
1153
8559
5030
2553
5511
9698
1825
8971
9830
1347
1785
2166
6515
8515
1532
6793
4364
5339
9072
8160
8195
8701
5712
2068
5408
3348
6400
3034
3279
5644
6083
4431
554
1112
3335
6064
7161
1512
1386
6990
2858
9523
9156
9372
4389
7039
2517
8753
2378
7940
3264
572
6640
8975
8991
8400
8674
1743
1433
1952
7386
3867
6382
7939
1330
6069
354
8491
7580
1739
1832
6789
7613
7339
2513
2002
4378
1381
754
3107
9320
4017
30
5959
9343
5372
710
8016
7114
8494
6319
851
2360
2700
8789
3690
5120
5494
8532
9051
3585
363
5840
1197
4054
8352
3198
8431
9732
303
7889
9051
671
7918
1361
6365
3289
2071
732
6755
6916
7050
7605
9276
6102
2746
9317
1221
8239
7848
272
1823
8210
2463
3020
2263
814
2569
7045
6897
2872
4933
2299
3542
9202
11
6259
8843
8433
6990
5597
5349
4040
3201
976
141
5946
292
7713
537
8139
4336
2359
2700
6798
1730
1315
7611
4299
4711
859
3522
9644
3157
3415
5197
9520
9673
4039
7952
6663
9635
3300
7054
9188
4275
3546
1485
918
1258
2021
9056
5594
732
1756
2391
2461
9422
6354
3111
4132
3564
6632
127
3073
6399
5324
2592
6071
5714
543
9085
1701
195
2490
888
821
6035
8724
1739
3645
745
794
9238
1476
8901
7980
288
4674
685
3399
8806
4249
6382
8932
3673
2780
607
6264
5203
6321
3158
4287
8021
3352
6777
5260
525
9163
3983
2263
2807
4727
9408
8396
2554
4661
2728
2842
9334
3412
6240
4491
4012
8973
9775
4036
1753
381
299
6955
6701
9809
7593
1073
9512
4369
6332
36
3532
315
8650
2690
1393
8058
1086
3947
9070
3813
3140
4755
3576
9379
9246
3940
4703
9020
7975
6455
5752
4626
3409
8805
4434
1002
9877
3945
1722
2561
333
1605
9227
8982
4295
619
3391
5380
917
8812
5544
4056
3567
9119
9786
2812
3058
4489
8183
7385
7295
3934
2010
7056
9090
2795
4409
8967
3091
6130
7879
3423
4087
7105
8757
8381
7723
8499
112
4992
7311
5655
5399
877
1125
5185
40
535
6025
4574
7919
3319
4859
9928
6726
3949
9074
1134
9267
2164
3616
7145
5587
7702
4249
695
6082
8323
9193
2545
3314
2855
8199
5065
83
5675
249
122
6209
2625
1047
4127
2295
2258
406
9021
6206
9479
154
5472
7995
3769
8968
3581
7822
3216
-25
255
7890
9819
2799
7556
2674
7349
2620
2756
3024
9220
9230
5584
1844
6628
9711
490
8885
6468
9510
5090
2299
6016
6913
293
6136
2232
225
3958
5447
851
4212
9689
7021
7011
7244
9694
711
9863
8802
3734
9082
4383
9318
7277
1010
5380
7766
9895
8199
3628
1336
6849
9643
4601
7141
2130
6832
3717
6087
8631
4567
299
8319
1588
3661
5562
7633
4371
1776
6434
4457
7209
816
3774
4485
8178
5505
8602
4424
3703
2229
5759
552
8223
6711
4044
353
3543
7761
6439
8525
8679
3089
6843
266
6749
8756
4251
7472
6883
684
1928
4091
7852
2053
8575
2381
7557
7176
6804
7611
9405
2562
8162
7627
5625
8558
7979
9167
6318
770
4043
4996
3858
885
1614
6959
5992
5864
4430
2874
2899
2709
6964
7102
4761
1890
9482
8669
9065
6285
6279
4821
5199
793
8800
823
9350
3130
6341
2019
251
383
3366
4109
7619
4979
7419
9962
7194
8200
2835
6445
908
6150
3546
2020
4391
9380
688
9807
2016
3318
4628
7214
4110
9779
4388
3459
9260
728
5477
9511
1110
8843
9971
5080
173
7389
5041
3719
5588
4227
6515
2847
376
60
1218
1118
5791
8257
925
7807
1574
1904
5020
5684
1682
9408
5494
7293
6487
971
6803
3949
6165
6773
9028
2689
513
4069
2759
2452
8295
9273
5298
5023
5685
2867
6140
1475
1123
7064
9281
2697
8967
653
4732
7000
6412
225
4293
2898
7547
1095
6846
63
4220
2226
2752
4732
6294
1862
7184
4588
1135
8833
5962
6819
8052
2102
4645
9174
9165
278
8222
4484
930
2953
7835
3693
3178
2127
2942
724
9574
6140
787
145
8365
9890
4876
1010
1751
8411
1949
9237
3596
7911
6055
1647
12
700
7172
5528
7329
1746
6363
8258
4698
4198
8302
4227
6324
1243
1303
2249
3734
2089
2393
2098
8330
3621
9459
6432
8383
1408
5669
8330
9318
1723
6328
5681
8774
3500
1208
6102
5245
7571
711
6294
8120
5364
521
4443
6607
1823
3044
6692
263
5436
5142
8592
5408
4600
5023
3791
6007
691
2120
5324
8766
8448
1004
3891
8299
8564
6345
3543
2486
7055
6188
605
2419
6708
5047
5377
8530
8090
2068
5144
9878
7209
3735
5285
8161
5110
5427
4167
2152
7547
9491
917
2346
6846
1160
644
5409
7504
538
7894
910
6725
8498
9680
9785
9897
5056
4666
4338
3476
9810
567
7036
9896
2204
5196
5005
7630
9363
7157
1528
5205
4425
3873
2050
1936
868
3811
9439
7757
1704
349
834
6554
28
6970
6450
1436
1635
7139
1263
1444
7706
8298
1340
9909
9846
2696
7538
5560
6204
5418
764
6981
5642
9165
8916
2862
9327
8355
-18
7383
5055
7803
3936
1434
4772
6737
2869
6407
3875
483
4202
7932
5133
1893
7840
4978
941
1730
6889
7144
3499
4004
4124
9140
3168
3040
2001
8847
7746
8971
6229
2800
3125
164
4233
7897
3252
3454
655
3478
3936
1208
1410
9068
3101
5601
397
4041
3682
7285
7536
3532
1288
1660
2672
808
1051
1024
9654
8796
6346
5882
1595
9471
2397
2179
3719
5648
1984
4373
5477
2272
5580
6886
7691
5032
8839
8088
5424
8872
1724
2960
2404
9364
4619
1427
171
2021
8802
6176
816
5148
2057
8762
970
805
7292
4688
2804
9276
-52
8280
7899
991
1518
5589
2375
6708
28
7798
5579
8104
757
4334
7467
1727
5760
3989
3747
914
164
4562
2413
8572
9675
3382
9376
6967
4421
8531
2594
9832
3162
492
822
4679
2432
3196
7738
8812
7346
3317
6915
8102
4002
733
9829
6114
4721
9927
7027
4884
841
9439
9807
515
2820
9182
3833
3592
4064
6426
3423
7225
3269
596
8256
5701
3792
5993
864
7489
5661
7778
5590
9663
8510
1770
5776
9582
1697
9154
4465
8889
8592
4271
9403
7763
9804
9588
1354
219
6013
1128
7443
5634
1723
5698
1334
1866
1691
8549
9354
7351
6326
4944
3365
1187
3065
5492
7120
1113
4645
-29
1
9588
2206
5756
3702
8361
5343
1407
4931
1355
2534
2373
6988
4257
4423
4673
6122
6113
3221
5476
9815
5898
6771
3180
3436
9835
5023
555
948
9668
8490
7300
5607
7047
3055
9309
1759
8397
7067
6689
6104
9601
5414
3091
209
9836
4116
6330
2300
3688
8157
2114
5938
4927
1645
5725
1114
6668
6280
2061
2687
1121
9360
8293
4520
8767
3953
2630
7163
1020
9319
3266
6972
1084
2709
7180
919
3176
9861
3218
6863
8018
1683
9152
9296
3328
4877
409
6347
7508
8821
5385
8628
4533
29
9499
3299
334
2129
461
1353
7799
79
4676
8882
2787
8207
9800
5962
8067
9369
9176
6084
1051
8328
1732
730
3204
2140
7076
711
7313
8812
5690
1845
8841
5189
5143
9174
7317
1955
6878
1467
2033
7905
348
1171
6111
147
3484
4177
9515
2660
6613
6917
7339
8344
7647
542
6835
1074
7604
4147
9886
9645
5991
5078
4833
7485
603
8501
5792
7480
9967
4176
5384
6666
5347
1494
6812
8830
2022
2678
7841
8634
9595
5179
3329
3593
2072
164
4666
6027
4310
903
5672
6653
2332
6856
489
2934
1709
6280
6765
8027
456
8500
4693
2154
6345
1504
7335
8367
534
5176
3352
6480
6706
6681
6424
5130
6844
1089
7508
7505
8344
3179
4157
7027
6387
4646
9961
8095
925
3077
2473
7732
1577
7165
9885
7921
5021
7220
2639
5554
8747
5991
8385
1804
2671
4808
6933
9514
2248
4441
7018
6943
3971
7527
3970
6709
2172
282
1155
9448
3358
3628
3532
4934
792
9768
9207
2164
6987
1845
4069
2085
7835
2453
3889
6857
7260
821
2722
5860
1613
9740
2802
1936
3618
3123
8644
2141
3404
6151
1588
6762
9778
1471
8047
6921
1239
3605
9085
4577
5450
3153
6662
9636
1958
550
2845
5569
7722
5566
1428
9335
1657
582
7622
5274
3704
2617
7414
3460
8767
5354
6573
4896
6824
971
8169
8062
4576
3605
2639
6377
6757
5652
2364
5066
6201
5208
635
3922
774
8414
9608
2430
8995
7229
7704
9051
6198
5117
2510
1316
6822
9082
6212
3646
6404
732
8059
979
4336
7049
7355
7444
2700
9719
2510
8900
4926
9496
9174
2051
7909
8781
4481
6904
2362
2184
2306
4911
3652
1167
6226
474
6600
8789
471
3003
9520
4881
3982
3855
1930
7688
1299
4629
7406
160
9881
8684
9655
5406
734
7563
4186
1566
818
2899
101
3123
7809
105
641
387
578
7240
9175
7400
243
8695
2280
4224
2549
561
1911
199
1542
5669
358
1422
704
12
6827
7789
3927
7364
9355
4744
6615
9455
4219
775
9559
4859
1161
6488
2099
336
239
8693
9030
2519
2916
7930
3079
1178
8129
4620
3198
4838
2393
3901
4850
5571
1690
5128
9287
7396
6223
5901
6850
6793
3027
2761
1652
4188
9248
102
4523
5839
5146
9904
8357
8061
7833
7787
5590
2313
8759
8788
7151
1151
9040
8352
3074
7081
3479
2360
4476
9701
4612
7678
2846
7638
438
849
1825
6037
950
2699
1875
2447
2602
6583
6859
6787
4370
2448
9099
3128
7587
2601
630
2979
952
3703
59
782
2414
4535
6835
7025
8564
9680
4663
5353
528
2839
1389
7829
5538
9616
275
4491
6198
7133
7629
6919
5932
3080
6398
3519
5680
3380
6497
2984
3434
2907
3765
5848
3793
6951
2872
2356
6630
3886
7708
3509
6725
5449
1337
8614
5064
7963
9456
7613
5095
7085
4532
7379
164
7281
7249
2195
660
3745
5178
4094
3003
5295
9941
6796
2245
9164
5503
5227
9402
3211
8735
2478
8659
6424
1091
74
4386
6898
7686
5833
3982
8569
3211
497
5850
6811
2692
2861
6907
7869
6954
9909
9515
3246
6704
8112
8762
2207
3338
4515
1769
8424
6992
6779
4847
4434
6852
5585
1331
889
1417
1665
5810
979
2161
8011
7789
4852
871
4695
9073
4177
4603
8587
3774
7659
6698
8887
6217
6387
3401
4337
4811
6744
1115
9657
7529
4318
5241
8860
1558
3009
6876
3719
3987
9036
1729
8127
240
8952
9173
9312
3128
128
4250
3253
7786
7300
2140
354
3686
1892
1042
4848
8636
8508
4505
2516
9177
6097
1375
734
9106
4602
805
9444
3638
2533
3923
3877
1484
3095
9540
-1
3222
3789
4216
7359
7440
2707
4064
1126
4598
5105
2325
9585
3612
6829
2101
9140
9278
9827
6226
4735
4429
7030
4178
4418
9562
4452
8294
1046
7547
7833
8360
7120
7973
2575
4479
5413
5281
8542
2890
6231
9999
5214
5815
9962
8395
4267
9102
4024
4094
5327
-18
4874
2356
9287
9291
1917
3739
3936
9314
7637
8120
7674
4756
6092
6600
9234
7856
1881
4128
7097
4463
4126
8663
277
439
7057
4544
9540
7432
4989
4866
6189
9862
3573
5475
5504
1842
5565
9439
7507
3201
3910
1532
7957
1
8132
3542
4209
6364
7669
1305
826
8146
6319
7454
4937
9727
8349
4476
7158
3337
5694
3346
9550
5618
5173
1405
7459
737
7195
1318
290
1104
2849
8246
7457
7332
8139
1665
47
2160
9321
-48
6657
5640
4678
1593
1718
3026
6069
8876
2715
8114
8573
8616
3731
3745
21
7542
834
7215
8859
1123
8319
1707
5720
2127
9039
3858
3791
9085
2369
-18
6309
9026
1454
986
618
3172
363
3038
8399
3077
7503
6971
8045
1234
7068
8065
8775
7901
1631
7633
5375
6301
5691
7446
8427
1081
7655
2217
6518
24
8032
2826
9049
9485
163
6018
9008
6877
5408
7406
6306
2910
729
4350
495
7796
2414
9269
5696
396
3253
7422
6697
5296
4867
5123
6376
2521
3692
9245
2544
1723
2070
7944
7559
8584
3962
2919
1813
5721
324
8118
8630
7404
2467
9125
5199
1232
4745
7246
1627
4350
4667
8323
9645
9533
3446
2372
2054
7137
1617
949
5211
38
8893
9121
4974
9206
2039
6786
4926
8715
4903
9907
6118
3721
5383
1317
4952
128
8562
6578
4477
3229
1253
473
9113
4698
9196
7518
8186
7164
8467
9748
7202
3711
8868
8527
2916
907
5312
4193
9621
6566
4099
5738
286
9482
3406
5237
5961
1968
8166
6789
1548
9418
3613
660
467
2808
8178
5004
6324
2996
4751
3525
6706
3619
8403
5973
877
3714
165
6849
279
615
2586
564
6448
5992
2152
2408
4311
317
5548
5858
9735
9160
2869
6553
8320
7398
1557
4643
393
6307
4519
7098
6277
2921
3070
3505
2986
9586
353
9616
201
9291
179
6648
1634
8682
5408
5944
8998
955
8153
5084
115
1021
1637
4786
8419
9545
9428
8811
2203
3946
2261
4832
3218
1682
8336
6203
1268
5041
5818
1468
4331
2348
4467
5964
1029
9874
8259
6378
7181
6411
7814
3647
7431
9450
8432
2201
5346
7859
7364
7548
8156
9624
2379
7725
1305
7067
279
2572
2107
2448
391
2789
4795
4858
5104
2175
1083
3362
4904
8263
6124
2717
1909
9906
8518
340
2107
3863
4550
9470
1411
9057
9093
141
3133
6749
3559
3411
5673
2017
5858
6063
4805
7004
7272
9908
9178
8355
9621
4082
6617
5744
3150
4878
2002
1668
1569
4108
5530
2471
3577
3292
7879
9021
9785
1012
2121
3343
774
7793
5360
6632
3856
6516
9987
1127
2776
5517
5833
8748
5950
8802
844
9099
3679
2845
766
1599
6952
2648
4069
6880
2291
1948
2252
2075
9311
4372
1770
84
8517
3481
3067
8724
9996
3054
6202
9123
8570
2035
7871
4519
836
8714
3617
866
1558
735
2464
4861
3382
2885
1740
5672
1184
343
4099
494
4714
2220
6929
9582
5700
9996
8305
2047
9401
4507
7522
7970
6541
5392
8840
3728
4105
2456
4593
2014
9542
3408
6874
2923
6292
4965
4947
3827
5307
5397
4320
6372
7616
7601
5954
9667
3948
4258
8065
3348
8764
5586
1317
5304
977
6508
5383
1433
8963
9975
9798
4857
3383
6671
4131
6026
7987
9077
9853
3293
825
524
6017
4792
8124
1970
4458
8423
2579
2523
1770
1343
8108
9438
2998
5437
5945
8381
3221
1260
4707
3019
6116
8089
6041
246
467
4028
5675
6671
3672
6499
7194
9688
1291
1670
8009
2100
92
588
4622
8214
8282
9082
7651
1279
870
3596
6011
4090
4855
718
7108
970
5158
9501
1215
5624
3528
3241
8646
3551
9740
2192
3239
7382
213
7599
5833
6656
8186
6807
4869
6467
5888
2520
4098
3109
6115
108
7198
969
7177
658
8290
2335
158
5856
4310
37
9097
2956
3587
5188
5147
3177
2569
1711
776
4753
8366
5313
1559
3235
8132
7446
5754
2229
554
8220
8688
4104
5540
5865
1113
3829
4551
1270
9684
8860
7658
8780
8167
7596
319
9665
7125
9239
1375
4252
3992
9741
9564
5550
2975
4047
2996
5080
6275
9901
3299
-55
356
8838
7179
1468
9018
1729
9089
5053
6940
3098
3833
5107
694
4151
4771
7818
9742
6146
8421
3733
2238
7984
9282
5212
2031
8629
6643
4657
4882
9941
2323
5237
5130
5853
3057
499
3933
8497
5551
873
1595
5735
2331
8640
6238
7101
2809
5979
9598
1229
9711
1835
9212
8992
3398
7594
7621
40
8603
2502
6332
925
4090
7813
6778
7146
8311
710
5643
214
7934
3589
5948
264
2228
2185
7365
5036
4515
3314
6264
4225
1501
1827
9569
4898
9421
7189
1290
4375
6042
7621
5299
131
1786
2076
3629
6448
9138
5623
6661
7071
9211
8961
7335
1438
7497
1051
6473
2012
4364
2736
6236
2216
4562
5804
7114
334
9344
4755
4708
1737
8727
7
8220
512
8434
1848
3312
3923
7470
9972
994
3032
8932
4680
4469
6429
2082
7293
4792
2797
28
1027
5013
941
3183
8478
7627
8878
3232
2334
615
1958
8692
8834
8822
3478
7033
2133
3752
854
8456
1097
3885
3740
5776
8353
6520
7857
1997
1311
654
8376
8689
2018
9316
1871
495
3294
749
3726
5628
7715
2035
671
6548
856
500
3580
-35
4252
4433
1444
5348
4669
5183
7476
9373
1702
1684
1369
9364
2337
9744
8052
706
5411
9923
1200
8705
7023
1277
684
1089
3312
1354
7636
519
8206
7567
3507
2457
8351
1302
4156
3019
2836
1631
8743
889
3315
111
252
2003
9854
4655
2709
5264
4577
260
3968
7951
1537
4651
9039
1200
2357
3026
1718
562
6944
5224
9370
5294
2877
3525
4664
2064
1508
3406
9304
1174
9868
5907
3176
9721
562
2236
1337
1490
2496
1656
5793
384
6307
4831
1583
5015
4209
3300
1928
1152
4876
7649
2798
4104
1173
3813
6168
9032
3571
1823
205
3438
7730
9733
9511
4643
1968
847
6132
815
2502
1924
1198
5160
3107
9132
6526
3667
2432
8453
4818
7307
6101
3967
1410
3626
7780
3929
9009
7702
5752
9214
1139
9833
8946
7001
4475
7265
7847
6958
8080
6701
5234
5629
8212
4692
4761
-13
8358
7192
5894
9527
850
8347
3494
2259
8324
7625
2540
7332
1678
8291
6545
2816
4475
1842
6169
8949
9107
367
5906
7186
7067
1139
9166
1631
5830
3926
2720
539
1117
4965
66
8318
3311
9911
6929
1634
3887
9468
8966
5564
4110
1862
4731
8584
3704
899
3884
9162
1266
9789
2699
4684
7280
1864
2666
9461
5790
1737
10000
3258
6702
6417
1576
12
6327
8504
7998
6565
4323
6963
2128
4784
5176
3210
3367
5231
4109
3602
4392
1726
3390
7090
6409
7021
8954
9075
6482
1095
7163
2833
4352
3864
9249
2279
228
1927
7134
8225
8491
7808
1539
6970
2591
6714
179
5957
8297
4287
9558
2688
6012
9300
9778
8773
2672
5083
4199
5505
6177
1361
8337
6880
5225
3937
5511
1804
5863
8996
28
705
6804
7918
7674
9394
983
7853
1703
9279
8491
1260
1967
855
6911
8096
9627
9583
9530
-38
5087
2058
1537
9776
5289
3113
3712
799
4916
9575
9795
1295
279
2950
5564
4305
2343
6547
2157
4045
5825
647
1657
4143
1501
8567
8590
7479
4501
8119
7655
5940
176
9192
5715
5465
2304
9426
2615
3572
5352
8761
4866
1983
1710
430
6287
405
3328
8443
4449
5504
5441
6105
5999
3294
1024
4588
772
1876
9059
8427
7815
9234
3970
9881
1050
-44
5659
17
6196
1010
8777
7414
2992
6839
4195
5630
7243
7522
4072
8043
9377
5865
4148
5375
9158
1523
6315
9929
9750
5373
4707
7565
958
8676
3797
8360
1301
9455
8376
7496
465
3504
1261
9808
342
5455
1790
3936
9328
2213
1979
8705
8077
2478
4079
7234
352
393
3515
101
2117
4573
4017
3075
3249
7814
1434
901
7268
6161
4748
4084
9664
6009
244
6358
1463
2033
293
791
4245
